48,76022,TX,BEDFORD,97.145351,32.829749,13186,0.000776
17,61420,IL,BLANDINSVILLE,90.859521,40.551585,1272,0.000111
26,49752,MI,KINROSS,84.751122,46.416612,1070,0.000115
19,52036,IA,DELAWARE,91.347176,42.477713,262,0.000094
48,78942,TX,GIDDINGS,96.93322,30.177725,6799,0.0004
36,13454,NY,SALISBURY CENTER,74.780932,43.162509,896,0.00005
40,73072,OK,NORMAN,97.472984,35.210733,27969,0.008892
29,63545,MO,GREEN CITY,92.953244,40.260125,1189,0.000232
53,99403,WA,CLARKSTON,117.064457,46.394622,17375,0.00357
05,72432,AR,HARRISBURG,90.703752,35.572222,5961,0.002536
35,88232,NM,HAGERMAN,104.329778,33.107643,1409,0.00093
47,37313,TN,COALMONT,85.655097,35.386197,786,0.000161
39,44140,OH,BAY VILLAGE,81.928868,41.484137,17000,0.001567
16,83703,ID,BOISE,116.252396,43.660051,17005,0.016891
04,85354,AZ,TONOPAH,112.952785,33.422797,95,0.000026
21,42452,KY,ROBARDS,87.526596,37.675836,1416,0.000384
26,48640,MI,MIDLAND,84.26796,43.637562,26370,0.002837
51,24014,VA,ROANOKE,79.946332,37.23268,21753,0.003516
24,21074,MD,GREENMOUNT,76.849397,39.61352,10443,0.002184
19,52566,IA,KIRKVILLE,92.469895,41.117927,670,0.000241
27,56556,MN,MCINTOSH,95.886252,47.652165,1088,0.000249
01,36915,AL,NEEDHAM,88.345798,32.012165,618,0.000153
13,31904,GA,COLUMBUS,84.978475,32.516091,29254,0.004516
16,83443,ID,RIRIE,111.760692,43.631961,1749,0.001737
47,37914,TN,KNOXVILLE,83.849624,35.991755,19867,0.004073
27,56117,MN,BIGELOW,95.651527,43.533612,633,0.000145
32,89101,NV,LAS VEGAS,115.122366,36.172082,40270,0.033507
50,05739,VT,DANBY,73.01285,43.358341,1170,0.002079
42,18360,PA,STROUDSBURG,75.24852,40.987697,17668,0.001487
22,70526,LA,CROWLEY,92.377709,30.214753,17975,0.00426
48,77539,TX,SAN LEON,95.034496,29.466033,21905,0.00129
18,46721,IN,BUTLER,84.878716,41.42873,5982,0.001079
37,28209,NC,CHARLOTTE,80.855926,35.179629,18190,0.002744
02,99668,AK,SLEETMUTE,157.118284,61.634555,0,0
36,12458,NY,NAPANOCH,74.380354,41.758965,3502,0.000195
06,90010,CA,LOS ANGELES,118.302664,34.060633,5335,0.000179
02,99729,AK,CANTWELL,148.89735,63.395458,210,0.000382
29,64111,MO,KANSAS CITY,94.592942,39.056483,19929,0.003895
06,91737,CA,ALTA LOMA,117.579295,34.144883,19708,0.000662
20,66610,KS,TOPEKA,95.746061,38.982213,4656,0.001879
29,63537,MO,EDINA,92.145549,40.179452,2101,0.000411
36,12592,NY,WASSAIC,73.554382,41.775884,2064,0.000115
25,02763,MA,NORTH ATTLEBORO,71.310353,41.970979,2737,0.000455
18,46953,IN,MARION,85.661624,40.53592,22079,0.003982
29,63382,MO,VANDALIA,91.488299,39.294937,3441,0.000672
39,45773,OH,RENO,81.38043,39.378408,2673,0.000246
19,51453,IA,LOHRVILLE,94.556605,42.261923,615,0.000221
51,23226,VA,RICHMOND,77.519657,37.582473,18085,0.002923
35,87575,NM,TIERRA AMARILLA,106.556972,36.680481,1865,0.001231
36,12411,NY,BLOOMINGTON,74.066889,41.856165,148,8E-6
36,10993,NY,WEST HAVERSTRAW,73.982123,41.209016,3591,0.0002
11,20336,DC,WASHINGTON,77.014827,38.839473,6311,0.010399
12,33527,FL,DOVER,82.213845,27.991975,13171,0.001018
06,95133,CA,SAN JOSE,121.855959,37.372875,24136,0.000811
09,06242,CT,EASTFORD,72.089451,41.877104,76,0.000023
40,73057,OK,MAYSVILLE,97.413143,34.811316,2456,0.000781
06,93621,CA,DUNLAP,119.089931,36.744635,94,3E-6
23,04096,ME,YARMOUTH,70.174958,43.800933,3068,0.002499
01,36586,AL,WALKER SPRINGS,87.835355,31.626166,1001,0.000248
36,14006,NY,ANGOLA,79.049651,42.636581,11509,0.00064
47,38259,TN,TRIMBLE,89.186265,36.201113,792,0.000162
36,12189,NY,WATERVLIET,73.712342,42.729843,16509,0.000918
05,71859,AR,SARATOGA,93.876723,33.759883,281,0.00012
18,46635,IN,SOUTH BEND,86.207806,41.716768,6989,0.001261
19,52302,IA,MARION,91.594135,42.041095,23227,0.008365
12,33809,FL,LAKELAND,81.984219,28.123356,39958,0.003088
36,12960,NY,MORIAH,73.507862,44.043755,889,0.000049
51,23223,VA,RICHMOND,77.394772,37.547721,42379,0.006849
51,24201,VA,BRISTOL,82.182297,36.618093,23166,0.003744
08,80631,CO,GARDEN CITY,104.704756,40.413968,53905,0.016363
51,24185,VA,WOOLWINE,80.277426,36.792076,898,0.000145
40,74066,OK,SAPULPA,96.11061,36.00297,24409,0.00776
22,71038,LA,HAYNESVILLE,93.069137,32.927807,7888,0.001869
26,49684,MI,TRAVERSE CITY,85.618869,44.74365,53415,0.005746
06,92806,CA,ANAHEIM,117.875928,33.837344,27945,0.000939
08,80304,CO,BOULDER,105.277073,40.037482,21550,0.006541
49,84012,UT,BRIDGELAND,110.160264,40.230411,849,0.000493
19,50471,IA,RUDD,92.888546,43.141958,688,0.000248
27,56513,MN,BAKER,96.604955,46.685764,267,0.000061
19,52223,IA,DELHI,91.270226,42.427082,1530,0.000551
49,84650,UT,OASIS,112.648079,39.27067,500,0.00029
23,04772,ME,SAINT AGATHA,68.323237,47.238655,919,0.000748
42,19374,PA,TOUGHKENAMON,75.782533,39.825117,1045,0.000088
50,05447,VT,EAST BERKSHIRE,72.706564,44.929798,94,0.000167
12,32040,FL,GLEN SAINT MARY,82.204056,30.286058,6467,0.0005
20,66507,KS,MAPLE HILL,96.018727,39.069456,796,0.000321
31,68445,NE,SWANTON,97.08055,40.384389,266,0.000169
28,39336,MS,LAWRENCE,89.272432,32.287614,86,0.000033
41,97522,OR,BUTTE FALLS,122.563801,42.549243,1115,0.000392
06,93238,CA,KERNVILLE,118.404723,35.755005,812,0.000027
53,98338,WA,GRAHAM,122.293648,47.024575,11136,0.002288
06,92260,CA,PALM CITY,116.366442,33.730842,31975,0.001074
13,31206,GA,WILSON AIRPORT,83.682303,32.780758,42528,0.006565
27,56567,MN,NEW YORK MILLS,95.404717,46.555867,3681,0.000841
22,71457,LA,NATCHITOCHES,93.091572,31.761688,23878,0.005658
56,82001,WY,CHEYENNE,104.796234,41.143719,33107,0.072989
51,22454,VA,HOWERTONS,76.837022,37.840429,1795,0.00029
06,92101,CA,SAN DIEGO,117.159316,32.71852,20265,0.000681
40,74339,OK,COMMERCE,94.872983,36.933063,2624,0.000834
28,39426,MS,CARRIERE,89.57793,30.617772,12978,0.005043
39,43067,OH,RAYMOND,83.364927,40.247321,576,0.000053
54,26818,WV,FISHER,78.988756,39.04796,1,1E-6
17,61547,IL,MAPLETON,89.718429,40.611699,2593,0.000227
42,19031,PA,FLOURTOWN,75.21148,40.106774,4284,0.000361
39,44708,OH,CANTON,81.424116,40.81196,25891,0.002387
42,18431,PA,HONESDALE,75.25279,41.579227,12655,0.001065
48,79562,TX,TUSCOLA,99.82439,32.234955,2980,0.000175
46,57448,SD,HOSMER,99.485745,45.568988,454,0.000652
36,12173,NY,STUYVESANT,73.761329,42.359572,1806,0.0001
51,24459,VA,MIDDLEBROOK,79.281165,38.024158,527,0.000085
39,44441,OH,NEGLEY,80.564497,40.774601,2222,0.000205
36,14886,NY,TRUMANSBURG,76.668145,42.520987,6379,0.000355
12,32038,FL,FORT WHITE,82.687938,29.92073,3439,0.000266
37,27253,NC,GRAHAM,79.381384,36.030967,19723,0.002975
39,43014,OH,DANVILLE,82.263855,40.455693,2033,0.000187
51,24530,VA,CALLANDS,79.628779,36.764748,2143,0.000346
06,91744,CA,INDUSTRY,117.934098,34.029428,77114,0.002591
20,67330,KS,ALTAMONT,95.298302,37.187298,1336,0.000539
27,56670,MN,REDBY,94.940409,47.868888,1394,0.000319
15,96701,HI,AIEA,157.933237,21.390795,43273,0.039047
05,72376,AR,PROCTOR,90.255026,35.083396,953,0.000405
04,85603,AZ,BISBEE,109.911736,31.408557,8471,0.002311
26,48101,MI,ALLEN PARK,83.212001,42.25223,31167,0.003353
39,45660,OH,PEEBLES,83.368698,38.986885,7298,0.000673
26,49007,MI,KALAMAZOO,85.613722,42.295688,44854,0.004825
36,13746,NY,CHENANGO FORKS,75.824236,42.263659,3833,0.000213
34,08722,NJ,BEACHWOOD,74.196145,39.930246,9324,0.001206
39,44822,OH,BUTLER,82.398984,40.543754,3870,0.000357
22,70458,LA,SLIDELL,89.771192,30.278411,28918,0.006853
19,51343,IA,GREENVILLE,95.058184,43.033348,630,0.000227
12,33444,FL,DELRAY BEACH,80.079321,26.456445,18450,0.001426
55,53569,WI,MONTFORT,90.44473,42.975745,1129,0.000231
42,15203,PA,CARSON,79.977556,40.425439,11012,0.000927
22,70789,LA,WILSON,91.065511,30.947325,77,0.000018
29,65648,MO,FAIR GROVE,93.142824,37.372143,2079,0.000406
12,33186,FL,MIAMI,80.408501,25.669437,43611,0.003371
19,50538,IA,FARNHAMVILLE,94.422623,42.269234,631,0.000227
12,32139,FL,GEORGETOWN,81.629783,29.403315,1839,0.000142
42,17252,PA,SAINT THOMAS,77.7908,39.924052,4109,0.000346
29,65583,MO,SAINT ROBERT,92.198944,37.817515,12431,0.002429
23,04268,ME,NORWAY,70.560135,44.212654,5258,0.004282
31,68957,NE,LAWRENCE,98.240243,40.27672,594,0.000376
21,42038,KY,EDDYVILLE,88.04939,37.066385,4402,0.001194
06,93263,CA,SHAFTER,119.280075,35.496994,12270,0.000412
20,66420,KS,DOVER,95.898547,39.019223,1220,0.000492
40,73537,OK,ELDORADO,99.645956,34.472744,742,0.000236
12,33409,FL,HAVERHILL,80.096347,26.713218,16142,0.001248
42,15483,PA,STOCKDALE,79.850103,40.082567,630,0.000053
50,05482,VT,SHELBURNE,73.217124,44.389967,5871,0.010433
27,55735,MN,FINLAYSON,92.938924,46.212111,1264,0.000289
31,68649,NE,NORTH BEND,96.781328,41.468924,1651,0.001046
05,71945,AR,HATFIELD,94.371397,34.487703,1048,0.000446
51,22090,VA,LAKE ANNE,77.337607,38.964439,12710,0.002054
31,68364,NE,GOEHNER,97.205456,40.830208,457,0.00029
08,80816,CO,FLORISSANT,105.226106,38.827669,2480,0.000753
17,61774,IL,STANFORD,89.216434,40.437575,996,0.000087
13,31742,GA,GRAVES,84.430782,31.759846,8731,0.001348
33,03864,NH,OSSIPEE,71.112873,43.694506,1490,0.001343
47,38066,TN,ROSSVILLE,89.567848,35.076758,3730,0.000765
34,07095,NJ,WOODBRIDGE,74.284542,40.555973,15827,0.002047
22,70632,LA,CREOLE,93.034874,29.797813,1023,0.000242
01,36579,AL,STOCKTON,87.863323,31.01293,1214,0.0003
36,14418,NY,BRANCHPORT,77.205165,42.606537,1126,0.000063
02,99630,AK,MEKORYUK,166.283583,60.365679,177,0.000322
06,93239,CA,KETTLEMAN CITY,119.964361,36.021501,1762,0.000059
31,68701,NE,NORFOLK,97.422898,42.032914,25728,0.0163
27,56525,MN,COMSTOCK,96.739752,46.666703,260,0.000059
12,32648,FL,HORSESHOE BEACH,83.261587,29.48689,652,0.00005
36,12943,NY,SAINT HUBERTS,73.795923,44.177978,392,0.000022
27,56542,MN,FOSSTON,95.743082,47.581584,2469,0.000564
35,88002,NM,WHITE SANDS MISS,106.49236,32.382669,2616,0.001727
51,23222,VA,RICHMOND,77.426725,37.574802,30214,0.004883
53,98332,WA,GIG HARBOR,122.600144,47.3607,9138,0.001878
48,78011,TX,CHARLOTTE,98.707001,28.864871,1990,0.000117
20,66067,KS,OTTAWA,95.274519,38.614247,13830,0.005582
29,63339,MO,CURRYVILLE,91.349301,39.325702,1604,0.000313
20,67954,KS,ROLLA,101.644683,37.108881,649,0.000262
51,22060,VA,FORT BELVOIR,77.143315,38.694699,6013,0.000972
19,51232,IA,ASHTON,95.765509,43.305259,1090,0.000393
34,07082,NJ,TOWACO,74.342807,40.927691,4355,0.000563
12,33322,FL,SUNRISE,80.271954,26.151923,37348,0.002887
37,27330,NC,COLON,79.176446,35.464148,39537,0.005965
23,04954,ME,NEW PORTLAND,70.092857,44.885571,312,0.000254
51,24175,VA,TROUTVILLE,79.878636,37.401855,9211,0.001489
01,36483,AL,WING,86.56119,31.148127,1583,0.000392
39,43324,OH,HUNTSVILLE,83.792748,40.441295,1953,0.00018
37,27577,NC,SMITHFIELD,78.347866,35.50684,15031,0.002268
12,33605,FL,TAMPA,82.433368,27.967078,19813,0.001531
48,76092,TX,GRAPEVINE,97.148066,32.956456,5638,0.000332
48,76543,TX,HARKER HEIGHTS,97.676864,31.100505,35052,0.002064
54,26601,WV,HEROLD,80.681072,38.673855,3517,0.001961
04,85255,AZ,SCOTTSDALE,111.889213,33.696801,2927,0.000799
48,76266,TX,SANGER,97.181432,33.356266,7440,0.000438
26,48823,MI,EAST LANSING,84.476409,42.738805,61997,0.00667
06,95501,CA,EUREKA,124.155892,40.776237,45720,0.001536
29,65240,MO,CENTRALIA,92.147244,39.196089,5171,0.001011
42,16345,PA,RUSSELL,79.127079,41.946106,3833,0.000323
46,57221,SD,BRYANT,97.453659,44.598671,627,0.000901
19,50130,IA,JEWELL,93.642821,42.313912,1348,0.000485
36,13827,NY,OWEGO,76.252797,42.113809,11378,0.000632
29,65330,MO,GILLIAM,92.993222,39.244708,476,0.000093
53,99343,WA,MESA,119.137324,46.578223,2382,0.000489
25,01833,MA,GEORGETOWN,70.982239,42.728067,6384,0.001061
36,14810,NY,VETERANS ADMINIS,77.323255,42.345451,12982,0.000722
27,56219,MN,BROWNS VALLEY,96.80625,45.606934,1128,0.000258
23,04572,ME,WALDOBORO,69.374537,44.104601,4702,0.003829
38,58014,ND,CHAFFEE,97.357753,46.766477,189,0.000296
08,80441,CO,FOXTON,105.24815,39.372056,127,0.000039
06,91330,CA,CALIFORNIA STATE,118.528634,34.23805,1604,0.000054
53,98223,WA,ARLINGTON,122.112126,48.18293,24435,0.005021
21,42731,KY,DUBRE,85.568281,36.891998,210,0.000057
42,16695,PA,WOODBURY,78.366573,40.21847,741,0.000062
26,49925,MI,EWEN,89.314494,46.540412,772,0.000083
55,54201,WI,ALGOMA,87.457792,44.610051,5387,0.001101
48,75450,TX,LAKE CREEK,95.622131,33.467493,50,3E-6
37,27591,NC,WENDELL,78.392601,35.797964,12418,0.001873
13,31701,GA,ALBANY,84.161923,31.567783,25698,0.003967
37,28311,NC,FAYETTEVILLE,78.898217,35.129416,29497,0.00445
13,30179,GA,TEMPLE,85.013315,33.767687,7111,0.001098
53,98930,WA,GRANDVIEW,119.915734,46.253846,10558,0.002169
20,67345,KS,ELK FALLS,96.195902,37.374514,206,0.000083
20,66046,KS,LAWRENCE,95.24203,38.936925,16411,0.006624
17,61356,IL,PRINCETON,89.427017,41.362934,12333,0.001079
27,56226,MN,CLONTARF,95.678629,45.373418,279,0.000064
48,76433,TX,BLUFF DALE,98.163775,32.401791,1751,0.000103
20,67838,KS,DEERFIELD,101.143141,38.00677,1077,0.000435
02,99683,AK,TRAPPER CREEK,150.284455,61.441361,20,0.000036
36,11727,NY,CORAM,73.006881,40.884988,25002,0.00139
19,52624,IA,DENMARK,91.326593,40.748693,869,0.000313
42,15720,PA,BRUSH VALLEY,79.058765,40.528565,1811,0.000152
19,50048,IA,CASEY,94.414475,41.496116,1822,0.000656
29,63760,MO,LEOPOLD,89.922735,37.260903,303,0.000059
25,01854,MA,LOWELL,71.335464,42.649254,26472,0.0044
39,45895,OH,WAPAKONETA,84.177378,40.568978,16364,0.001509
25,01534,MA,NORTHBRIDGE,71.656366,42.1494,4564,0.000759
39,43968,OH,WELLSVILLE,80.662095,40.617099,8315,0.000767
28,38855,MS,MANTACHIE,88.496034,34.358677,4273,0.001661
36,11030,NY,PLANDOME,73.688369,40.798641,15271,0.000849
48,77502,TX,PASADENA,95.198193,29.678945,31270,0.001841
16,83824,ID,DESMET,116.893746,47.125954,265,0.000263
38,58537,ND,HUFF,100.693909,46.563172,266,0.000416
06,95111,CA,SAN JOSE,121.824038,37.282276,48286,0.001623
06,95565,CA,SCOTIA,124.039074,40.454665,321,0.000011
46,57355,SD,KIMBALL,98.934305,43.712881,1546,0.002221
42,17112,PA,HARRISBURG,76.791438,40.335208,27559,0.002319
54,26767,WV,WILEY FORD,78.774992,39.613308,1139,0.000635
20,66944,KS,HADDAM,97.308142,39.851969,333,0.000134
17,60666,IL,AMF OHARE,87.906803,41.9821,262,0.000023
12,32073,FL,ORANGE PARK,81.72907,30.16369,37281,0.002882
18,47234,IN,FLAT ROCK,85.675886,39.407503,1496,0.00027
42,15670,PA,NEW ALEXANDRIA,79.396594,40.398112,2658,0.000224
17,60953,IL,MILFORD,87.685332,40.629253,2367,0.000207
39,45711,OH,AMESVILLE,81.964976,39.408641,1661,0.000153
16,83835,ID,HAYDEN LAKE,116.776821,47.773853,9287,0.009225
40,73641,OK,DILL CITY,99.153738,35.278704,966,0.000307
26,48653,MI,ROSCOMMON,84.660092,44.483908,8311,0.000894
22,71033,LA,GREENWOOD,93.969252,32.424025,3140,0.000744
09,06901,CT,STAMFORD,73.539039,41.053083,5860,0.001783
38,58564,ND,RALEIGH,101.282651,46.335236,138,0.000216
42,18938,PA,NEW HOPE,74.983889,40.355613,7111,0.000598
45,29516,SC,BLENHEIM,79.659422,34.502033,2123,0.000609
06,91302,CA,CALABASAS,118.664103,34.141854,12690,0.000426
33,03048,NH,MASON,71.784487,42.7489,3443,0.003104
18,47126,IN,HENRYVILLE,85.773403,38.539829,2648,0.000478
42,18923,PA,FOUNTAINVILLE,75.153627,40.336815,261,0.000022
06,90248,CA,GARDENA,118.289312,33.874506,9529,0.00032
18,46260,IN,NORA,86.184809,39.897488,29718,0.00536
25,01452,MA,HUBBARDSTON,72.001159,42.486538,2797,0.000465
09,06259,CT,POMFRET CENTER,71.98201,41.869683,3325,0.001012
36,14423,NY,CALEDONIA,77.849295,42.956661,4942,0.000275
46,57386,SD,YALE,97.993249,44.495591,462,0.000664
18,47424,IN,BLOOMFIELD,86.867549,39.029542,9014,0.001626
34,07090,NJ,WESTFIELD,74.345056,40.647851,31885,0.004125
29,63780,MO,SCOTT CITY,89.518081,37.20771,6340,0.001239
29,63670,MO,LAKE FOREST ESTA,90.09604,37.950356,9405,0.001838
39,45052,OH,NORTH BEND,84.727261,39.153605,4013,0.00037
51,24324,VA,DRAPER,80.818752,36.969743,1161,0.000188
26,48612,MI,BEAVERTON,84.424059,43.886576,9682,0.001042
12,32696,FL,WILLISTON,82.485601,29.397737,7664,0.000592
29,63432,MO,ARBELA,92.004741,40.486299,564,0.00011
20,67646,KS,LOGAN,99.568694,39.661096,751,0.000303
48,78756,TX,AUSTIN,97.739032,30.322312,7525,0.000443
09,06854,CT,NORWALK,73.428485,41.095722,25358,0.007714
47,37329,TN,ENGLEWOOD,84.483265,35.427245,3419,0.000701
16,83316,ID,BUHL,114.782545,42.600763,8014,0.00796
20,66843,KS,CLEMENTS,96.775444,38.279757,200,0.000081
01,35574,AL,KENNEDY,88.05172,33.574964,3618,0.000895
36,12817,NY,CHESTERTOWN,73.806641,43.645053,2141,0.000119
21,42722,KY,CANMER,85.720292,37.269562,465,0.000126
40,74741,OK,HENDRIX,96.358134,33.801582,1812,0.000576
08,81654,CO,SNOWMASS,106.950839,39.250059,2627,0.000797
18,47556,IN,MARIAH HILL,86.831593,38.149493,1317,0.000238
06,91762,CA,ONTARIO,117.66647,34.058415,47653,0.001601
13,30230,GA,HOGANSVILLE,84.930856,33.164382,6378,0.000985
48,78621,TX,ELGIN,97.373748,30.323136,9852,0.00058
02,99921,AK,CRAIG,133.117081,55.47317,1398,0.002542
06,92532,CA,LAKE ELSINORE,117.271278,33.651662,6796,0.000228
06,95526,CA,RUTH,123.549351,40.468566,1076,0.000036
17,61753,IL,LEXINGTON,88.806203,40.635685,3098,0.000271
42,15546,PA,JENNERS,79.054571,40.147321,4586,0.000386
36,11225,NY,BROOKLYN,73.954588,40.662776,66752,0.00371
35,87731,NM,MONTEZUMA,105.409729,35.682959,62,0.000041
21,40007,KY,BETHLEHEM,85.064874,38.402433,353,0.000096
42,15928,PA,DAVIDSVILLE,78.936333,40.224451,244,0.000021
47,38106,TN,MEMPHIS,90.032997,35.102124,40444,0.008292
06,95354,CA,MODESTO,120.968323,37.644526,26630,0.000895
36,10801,NY,NEW ROCHELLE,73.787729,40.916628,30929,0.001719
18,47017,IN,CROSS PLAINS,85.21221,38.949046,802,0.000145
44,02885,RI,WARREN,71.270165,41.725618,11385,0.011346
22,70755,LA,LIVONIA,91.533219,30.552353,2711,0.000642
04,85258,AZ,SCOTTSDALE,111.893067,33.564747,20867,0.005693
12,34945,FL,FORT PIERCE,80.443963,27.438233,3711,0.000287
56,82442,WY,TEN SLEEP,107.415305,43.997848,695,0.001532
36,11576,NY,ROSLYN,73.653362,40.790668,13114,0.000729
34,08528,NJ,KINGSTON,74.616071,40.380465,160,0.000021
33,03229,NH,HOPKINTON,71.696299,43.218898,6071,0.005473
31,68516,NE,LINCOLN,96.652304,40.756807,21213,0.01344
36,12972,NY,PERU,73.529322,44.585109,5640,0.000313
12,34669,FL,HUDSON,82.628793,28.350634,8577,0.000663
38,58792,ND,BERGEN,100.803824,47.951793,418,0.000654
26,49050,MI,DOWLING,85.249452,42.501478,909,0.000098
20,66945,KS,HANOVER,96.868947,39.89266,1278,0.000516
17,60012,IL,CRYSTAL LAKE,88.321294,42.266198,6855,0.0006
20,67217,KS,WICHITA,97.358139,37.626574,30680,0.012383
35,87573,NM,TERERRO,105.645725,35.736881,99,0.000065
29,64426,MO,BLYTHEDALE,93.895447,40.502352,335,0.000065
21,41722,KY,TRIBBEY,83.158487,37.328174,2312,0.000627
16,83811,ID,CLARK FORK,116.169865,48.140457,971,0.000964
47,37035,TN,CHAPMANSBORO,87.111288,36.378078,3248,0.000666
17,61361,IL,SHEFFIELD,89.711502,41.394876,1964,0.000172
47,37814,TN,MORRISTOWN,83.31185,36.224782,26285,0.005389
37,27978,NC,STUMPY POINT,75.77909,35.863007,880,0.000133
36,13780,NY,GUILFORD,75.482318,42.426901,738,0.000041
48,78739,TX,AUSTIN,97.878433,30.172026,3104,0.000183
36,13736,NY,BERKSHIRE,76.192008,42.307435,2652,0.000147
36,14059,NY,ELMA,78.634257,42.834002,8130,0.000452
02,99579,AK,EGEGIK,157.342202,58.206174,122,0.000222
17,62514,IL,BOODY,89.072061,39.762824,541,0.000047
25,01375,MA,SUNDERLAND,72.567569,42.453947,3399,0.000565
38,58581,ND,ZEELAND,99.772543,46.005476,497,0.000778
06,94937,CA,INVERNESS,122.856774,38.083514,1716,0.000058
35,87009,NM,CEDARVALE,105.734516,34.388028,66,0.000044
09,06277,CT,THOMPSON,71.837587,41.980285,2960,0.0009
17,60609,IL,CHICAGO,87.653279,41.809721,89762,0.007853
28,39042,MS,BRANDON,89.964029,32.303803,41141,0.015988
51,22655,VA,STEPHENS CITY,78.190677,39.083415,10954,0.00177
48,78217,TX,SAN ANTONIO,98.419444,29.539525,27925,0.001644
39,45064,OH,SOMERVILLE,84.621911,39.555366,902,0.000083
21,41540,KY,LICK CREEK,82.325456,37.347969,221,0.00006
34,08869,NJ,RARITAN,74.637691,40.57109,6306,0.000816
34,08314,NJ,DELMONT,74.970505,39.202258,135,0.000017
42,15616,PA,ARMBRUST,79.553884,40.236097,500,0.000042
49,84013,UT,CEDAR VALLEY,111.968985,40.142516,1836,0.001066
41,97864,OR,MONUMENT,119.430164,44.818451,410,0.000144
04,85356,AZ,WELLTON,114.176616,32.749251,4778,0.001304
36,11717,NY,WEST BRENTWOOD,73.248189,40.777918,60425,0.003359
45,29803,SC,AIKEN,81.594702,33.531868,743,0.000213
12,32712,FL,APOPKA,81.513615,28.711976,20208,0.001562
39,43976,OH,HOPEDALE,80.902136,40.349647,1501,0.000138
41,97901,OR,ADRIAN,117.060193,43.653712,568,0.0002
48,76070,TX,NEMO,97.656668,32.271312,206,0.000012
12,33707,FL,SAINT PETERSBURG,82.720791,27.75487,23630,0.001826
17,60007,IL,ELK GROVE VILLAG,88.012775,42.005613,34577,0.003025
29,63533,MO,BRASHEAR,92.433253,40.195891,1444,0.000282
26,49266,MI,OSSEO,84.597388,41.838413,7025,0.000756
39,43060,OH,NORTH LEWISBURG,83.561476,40.222871,1407,0.00013
39,45402,OH,DAYTON,84.189508,39.756305,2811,0.000259
48,77375,TX,TOMBALL,95.62006,30.073923,19801,0.001166
39,45107,OH,BLANCHESTER,83.973977,39.303442,6158,0.000568
26,49235,MI,CLAYTON,84.177519,41.868648,2000,0.000215
36,12140,NY,POESTENKILL,73.588846,42.679548,1904,0.000106
22,71067,LA,PRINCETON,93.522577,32.579089,1914,0.000454
48,78537,TX,DONNA,98.052925,26.167138,20909,0.001231
29,63501,MO,KIRKSVILLE,92.585634,40.190765,20717,0.004049
17,61701,IL,BLOOMINGTON,88.989318,40.478295,35218,0.003081
42,17881,PA,TREVORTON,76.670234,40.781867,2067,0.000174
53,98312,WA,BREMERTON,122.695786,47.575424,28858,0.00593
46,57102,SD,SIOUX FALLS,96.726927,43.546131,530,0.000761
53,99025,WA,NEWMAN LAKE,117.064041,47.727371,3092,0.000635
33,03079,NH,SALEM,71.21761,42.78465,25746,0.02321
36,13108,NY,MARCELLUS,76.33228,42.982056,6077,0.000338
36,14101,NY,MACHIAS,78.50586,42.408271,1860,0.000103
09,06385,CT,WATERFORD,72.145816,41.346853,15217,0.004629
19,50237,IA,RUNNELLS,93.42025,41.551549,2309,0.000832
06,95834,CA,SACRAMENTO,121.492052,38.633418,6375,0.000214
30,59262,MT,SAVAGE,104.284487,47.519375,1170,0.001464
36,13633,NY,DE PEYSTER,75.432814,44.541341,95,5E-6
24,20619,MD,CALIFORNIA,76.531228,38.300648,5485,0.001147
45,29615,SC,GREENVILLE,82.319815,34.866095,25818,0.007405
39,43977,OH,FLUSHING,81.07573,40.145144,2719,0.000251
42,18507,PA,MOOSIC,75.717093,41.361492,5339,0.000449
39,45880,OH,PAYNE,84.734127,41.08069,2766,0.000255
27,56284,MN,RENVILLE,95.198879,44.777609,2027,0.000463
55,53538,WI,FORT ATKINSON,88.846689,42.922902,15624,0.003194
26,49774,MI,PICKFORD,84.366312,46.155858,624,0.000067
17,62255,IL,LENZBURG,89.792202,38.295003,1316,0.000115
25,01970,MA,SALEM,70.900343,42.515114,37642,0.006257
21,42518,KY,BRONSTON,84.631413,36.952488,2417,0.000656
29,65337,MO,LA MONTE,93.431266,38.775256,1570,0.000307
06,95454,CA,LAYTONVILLE,123.486862,39.667811,1815,0.000061
50,05154,VT,SAXTONS RIVER,72.508107,43.137861,681,0.00121
24,21045,MD,COLUMBIA,76.83223,39.205052,32658,0.00683
42,16146,PA,SHARON,80.499342,41.231552,17457,0.001469
13,30543,GA,GILLSVILLE,83.675681,34.300148,1585,0.000245
05,72030,AR,CLEVELAND,92.712821,35.358328,1244,0.000529
30,59027,MT,EMIGRANT,110.798928,45.127557,2058,0.002576
46,57701,SD,ROCKERVILLE,103.200259,44.077041,45328,0.065126
50,05830,VT,DERBY LINE,72.082367,44.990183,2040,0.003625
51,24442,VA,HEAD WATERS,79.435272,38.294611,87,0.000014
22,70816,LA,BATON ROUGE,91.035645,30.427289,32885,0.007793
12,32465,FL,WEWAHITCHKA,85.20483,30.093255,4014,0.00031
13,30746,GA,SUGAR VALLEY,85.026048,34.551929,1340,0.000207
41,97479,OR,SUTHERLIN,123.297425,43.390404,7304,0.00257
39,43348,OH,RUSSELLS POINT,83.879825,40.474956,2416,0.000223
01,35586,AL,SULLIGENT,88.150774,33.8549,4489,0.001111
19,51355,IA,OKOBOJI,95.153026,43.37938,1637,0.00059
49,84404,UT,OGDEN,111.983686,41.262727,35790,0.020774
06,95366,CA,RIPON,121.122909,37.753286,10879,0.000366
44,02921,RI,CRANSTON,71.506102,41.761357,6502,0.00648
12,32159,FL,LADY LAKE,81.925598,28.929939,11493,0.000888
37,27921,NC,CAMDEN,76.150002,36.324985,2439,0.000368
06,95525,CA,BLUE LAKE,123.896696,40.928701,328,0.000011
38,58721,ND,COTEAU,102.247271,48.796803,705,0.001104
40,74027,OK,DELAWARE,95.618096,36.780382,1275,0.000405
19,52134,IA,CHESTER,92.415528,43.473021,571,0.000206
24,20733,MD,CHURCHTON,76.524773,38.801791,2539,0.000531
34,08735,NJ,LAVALLETTE,74.070424,39.977486,3985,0.000516
12,34695,FL,SAFETY HARBOR,82.696658,28.009608,16853,0.001303
20,66061,KS,OLATHE,94.820359,38.886548,31694,0.012792
19,52133,IA,CASTALIA,91.662904,43.161179,1103,0.000397
39,44032,OH,DORSET,80.668334,41.658972,1536,0.000142
37,28352,NC,LAURINBURG,79.467316,34.759869,23387,0.003528
17,62033,IL,DORCHESTER,89.818577,39.136106,6518,0.00057
48,79766,TX,ODESSA,102.344863,31.782683,1794,0.000106
26,49425,MI,HOLTON,86.150853,43.441454,4251,0.000457
36,14025,NY,BOSTON,78.73909,42.631384,2617,0.000145
19,50588,IA,STORM LAKE,95.196079,42.64738,11663,0.0042
40,73463,OK,RUBOTTOM,97.42487,34.164206,3095,0.000984
54,24701,WV,BLUEWELL,81.229023,37.279788,22561,0.012579
18,46807,IN,FORT WAYNE,85.146167,41.049054,18346,0.003309
45,29001,SC,ALCOLU,80.178782,33.768402,2319,0.000665
19,52248,IA,KEOTA,91.964064,41.350429,1439,0.000518
34,08829,NJ,HIGH BRIDGE,74.893667,40.668438,3886,0.000503
20,66044,KS,LAWRENCE,95.241789,38.964402,29968,0.012096
42,15665,PA,MANOR,79.671221,40.33822,3848,0.000324
36,11105,NY,ASTORIA,73.910965,40.77627,37297,0.002073
32,89109,NV,LAS VEGAS,115.145378,36.125991,35139,0.029238
35,87310,NM,BRIMHALL,108.581469,35.800503,119,0.000079
55,54644,WI,MINDORO,91.064181,44.02873,1157,0.000237
36,13331,NY,EAGLE BAY,74.965381,43.723659,1416,0.000079
22,70508,LA,LAFAYETTE,92.023579,30.158222,20568,0.004874
23,04862,ME,UNION,69.252435,44.242404,3853,0.003138
06,92662,CA,NEWPORT BEACH,117.891732,33.606459,3472,0.000117
06,90720,CA,ROSSMOOR,118.069891,33.795291,21695,0.000729
17,62288,IL,STEELEVILLE,89.666458,38.005713,2951,0.000258
20,67151,KS,WALTON,97.236077,38.123909,418,0.000169
19,50864,IA,VILLISCA,94.979588,40.943718,1794,0.000646
20,67132,KS,ROSALIA,96.648161,37.796041,545,0.00022
42,15926,PA,CENTRAL CITY,78.844753,40.091257,2886,0.000243
08,80229,CO,THORNTON,104.961749,39.860998,33512,0.010172
27,56228,MN,COSMOS,94.697827,44.958969,1217,0.000278
51,23464,VA,VIRGINIA BEACH,76.175909,36.797772,67276,0.010873
47,37166,TN,SMITHVILLE,85.804562,35.929907,10587,0.002171
37,27243,NC,EFLAND,79.188415,36.091166,2661,0.000401
37,27239,NC,DENTON,80.095926,35.619567,7102,0.001071
36,11967,NY,SHIRLEY,72.876043,40.743932,97,5E-6
34,07036,NJ,LINDEN,74.255567,40.635366,37859,0.004898
39,45780,OH,THE PLAINS,82.134148,39.366177,3567,0.000329
06,93501,CA,MOJAVE,118.173475,35.047767,4774,0.00016
36,13622,NY,CHAUMONT,76.123163,44.08481,2329,0.000129
21,41085,KY,SILVER GROVE,84.390849,39.034262,1210,0.000328
22,70722,LA,CLINTON,90.933141,30.824867,3028,0.000718
28,38848,MS,GREENWOOD SPRING,88.312333,33.99344,1934,0.000752
25,01262,MA,STOCKBRIDGE,73.322263,42.30104,2200,0.000366
13,30207,GA,CONYERS,84.019818,33.682932,24526,0.003786
38,58316,ND,BELCOURT,99.768754,48.837862,5415,0.008477
27,56168,MN,RUSHMORE,95.776728,43.624011,726,0.000166
48,76454,TX,GORMAN,98.683408,32.223441,1773,0.000104
27,56174,MN,STORDEN,95.301926,44.052383,537,0.000123
31,69211,NE,CODY,101.379846,42.614556,156,0.000099
26,49017,MI,BATTLE CREEK,85.181106,42.332218,62035,0.006674
19,50010,IA,AMES,93.639398,42.029859,52105,0.018765
53,99036,WA,VALLEYFORD,117.268601,47.529176,698,0.000143
06,92571,CA,PERRIS,117.217968,33.810979,12436,0.000418
17,60955,IL,ONARGA,87.995841,40.712005,1678,0.000147
19,51246,IA,ROCK RAPIDS,96.178055,43.427192,3956,0.001425
24,21701,MD,LEWISTOWN,77.400875,39.408235,35492,0.007423
33,03561,NH,LITTLETON,71.776816,44.311187,6663,0.006007
25,01223,MA,BECKET,73.120325,42.359363,1070,0.000178
48,76205,TX,DENTON,97.101833,33.180106,27830,0.001638
30,59845,MT,HOT SPRINGS,114.659712,47.591408,858,0.001074
33,03860,NH,NORTH CONWAY,71.123811,44.033613,3458,0.003117
36,13418,NY,NORTH BROOKFIELD,75.381489,42.850088,258,0.000014
47,37778,TN,LOWLAND,83.244592,36.164016,166,0.000034
53,99159,WA,ODESSA,118.698316,47.339491,1324,0.000272
51,22303,VA,JEFFERSON MANOR,77.076608,38.791143,12662,0.002046
20,67837,KS,COPELAND,100.614815,37.567994,536,0.000216
46,57045,SD,MENNO,97.564986,43.233968,1337,0.001921
45,29640,SC,EASLEY,82.579552,34.829031,37862,0.010859